NN0_1layer: 0.6315401621223287
NN0_2layer: 0.6236182756079587
NN1_1layer: 0.6245394252026529
NN1_2layer: 0.6018791451731761
NN2_1layer: 0.6295136330140014
NN2_2layer: 0.6291451731761238
NN3_1layer: 0.6288688282977155
NN3_2layer: 0.6204863669859986
NN4_1layer: 0.6415806927044952
NN4_2layer: 0.6343957258658807
NN5_1layer: 0.7047443574389682
NN5_2layer: 0.6911100875172731
NN6_1layer: 0.6493781667434362
NN6_2layer: 0.6418240442192538
NN7_1layer: 0.7170888991248273
NN7_2layer: 0.6486411791801013
NN8_1layer: 0.6331644403500691
NN8_2layer: 0.6200829111008752
NN9_1layer: 0.6350069092584063
NN9_2layer: 0.6280976508521419
